[GyroScroll]
EdgeRight=0.100000
EdgeBottom=0.100000
SpeedV=20.000000
SpeedH=20.000000
NaturalV=0
NaturalH=0
