[GyroScroll]
EdgeRight=10.000000
EdgeBottom=10.000000
SpeedV=20.000000
SpeedH=20.000000
NaturalV=0
NaturalH=0
